0.002083, 85321
0.005892, 102753
0.006359, 102753
0.006293, 102753
0.006482, 102753
0.006294, 102753
0.006292, 103851
0.006336, 103851
0.006523, 103851
0.006478, 103851
0.006339, 104950
0.006381, 104950
0.006527, 104950
0.006525, 104950
0.006382, 104950
0.006382, 103851
0.006445, 101656
0.006250, 101656
0.006249, 101656
0.006377, 100560
0.006351, 100560
0.006232, 100560
0.006259, 100560
0.006286, 101656
0.006273, 101656
0.006304, 102753
0.006294, 102753
0.006360, 102753
0.006380, 103851
0.006426, 103851
0.006470, 103851
0.006466, 102753
0.006471, 103851
0.006469, 102753
0.006294, 102753
0.006511, 102753
0.006443, 102753
0.006345, 102753
0.006557, 102753
0.006327, 102753
0.006401, 103851
0.006706, 102753
0.006327, 102753
0.006526, 102753
0.006325, 102753
0.006325, 102753
0.006446, 103851
0.006372, 103851
0.006590, 104950
0.006430, 104950
0.006414, 104950
0.006503, 104950
0.006405, 104950
0.006543, 104950
0.006407, 104950
0.006403, 104950
0.006525, 104950
0.006403, 104950
0.006456, 104950
0.006409, 104950
0.006650, 104950
0.006514, 104950
0.006408, 104950
0.006461, 103851
0.006441, 101656
0.006404, 101656
0.006347, 101656
0.006312, 101656
0.006293, 101656
0.006391, 100560
0.006317, 99465
0.006206, 100560
0.006297, 101656
0.006294, 102753
0.006432, 102753
0.006412, 101656
0.006275, 101656
0.006380, 101656
0.006274, 102753
0.006298, 103851
0.006424, 103851
0.006362, 103851
0.006468, 103851
0.006363, 103851
0.006362, 104950
0.006536, 103851
0.006363, 103851
0.006401, 102753
0.006321, 102753
0.006320, 102753
0.006549, 101656
0.006267, 101656
0.006334, 101656
0.006288, 100560
0.006222, 100560
0.006511, 100560
0.006221, 101656
0.006321, 101656
0.006330, 100560
0.006222, 101656
0.006356, 101656
0.006403, 100560
0.006327, 101656
0.006371, 102753
0.006379, 102753
0.006425, 102753
0.006500, 102753
0.006391, 102753
0.006358, 102753
0.006381, 103851
0.006404, 103851
0.006470, 103851
0.006540, 103851
0.006632, 103851
0.006478, 103851
0.006407, 103851
0.006608, 103851
0.006527, 102753
0.006362, 102753
0.006488, 102753
0.006362, 102753
0.006417, 103851
0.006424, 103851
0.006402, 103851
0.006655, 102753
0.006361, 102753
0.006408, 103851
0.006423, 103851
0.006443, 103851
0.006577, 103851
0.006363, 103851
0.006438, 103851
0.006388, 103851
0.006363, 104950
0.006682, 104950
0.006407, 104950
0.006497, 104950
0.006469, 104950
0.006409, 103851
0.006363, 103851
0.006365, 103851
0.006425, 103851
0.006428, 103851
0.006364, 103851
0.006366, 103851
0.006432, 103851
0.006417, 103851
0.006406, 102753
0.006321, 102753
0.006321, 103851
0.006468, 103851
0.006416, 102753
0.006320, 102753
0.006444, 102753
0.006318, 102753
0.006402, 101656
0.006464, 102753
0.006821, 102753
0.006519, 102753
0.006511, 102753
0.006646, 103851
0.006627, 103851
0.006404, 102753
0.006362, 102753
0.006360, 103851
0.006565, 103851
0.006407, 103851
0.006460, 103851
0.006425, 103851
0.006405, 103851
0.006580, 103851
0.006386, 102753
0.006614, 102753
0.006394, 103851
0.006341, 103851
0.006646, 103851
0.006402, 103851
0.006471, 103851
0.006567, 103851
0.006404, 103851
0.006402, 104950
0.006470, 104950
0.006502, 104950
0.006544, 104950
0.006461, 104950
0.006433, 104950
0.006512, 104950
0.006387, 104950
0.006479, 104950
0.006510, 104950
0.006426, 104950
0.006422, 103851
0.006381, 102753
0.006377, 102753
0.006382, 101656
0.006277, 101656
0.006318, 101656
0.006278, 101656
0.006277, 101656
0.006358, 101656
0.006318, 101656
0.006369, 101656
0.006337, 102753
0.006360, 103851
0.006507, 103851
0.006396, 104950
0.006560, 104950
0.006554, 104950
0.006537, 104950
0.006576, 104950
0.006403, 104950
0.006489, 104950
0.006535, 104950
0.006436, 104950
0.006563, 104950
0.006453, 104950
0.006536, 104950
0.006525, 104950
0.006417, 104950
0.006541, 104950
0.006434, 103851
0.006427, 103851
0.006481, 103851
0.006447, 103851
0.006375, 103851
0.006406, 101656
0.006288, 100560
0.006334, 100560
0.006271, 100560
0.006241, 100560
0.006347, 100560
0.006242, 101656
0.006285, 101656
0.006544, 101656
0.006288, 102753
0.006436, 102753
0.006317, 103851
0.006374, 104950
0.006525, 104950
0.006416, 104950
0.006549, 104950
0.006435, 103851
0.006374, 103851
0.006530, 103851
0.006375, 102753
0.006361, 102753
0.006359, 102753
0.006330, 102753
0.006443, 102753
0.006344, 102753
0.006382, 103851
0.006492, 103851
0.006373, 103851
0.006466, 103851
0.006388, 103851
0.006429, 104950
0.006524, 104950
0.006416, 104950
0.006417, 104950
0.006447, 103851
0.006430, 103851
0.006480, 102753
0.006357, 102753
0.006330, 102753
0.006365, 102753
0.006382, 102753
0.006419, 101656
0.006352, 101656
0.006285, 101656
0.006392, 101656
0.006351, 102753
0.006328, 101656
0.006404, 102753
0.006331, 102753
0.006421, 102753
0.006345, 102753
0.006328, 102753
0.006468, 103851
0.006372, 102753
0.006328, 101656
0.006398, 101656
0.006287, 101656
0.006449, 102753
0.006345, 102753
0.006328, 102753
0.006343, 102753
0.006328, 102753
0.006479, 102753
0.006344, 102753
0.006373, 102753
0.006435, 103851
0.006372, 104950
0.006448, 104950
0.006446, 104950
0.006511, 104950
0.006526, 104950
0.006433, 104950
0.006416, 104950
0.006432, 104950
0.006529, 104950
0.006510, 104950
0.006432, 104950
0.006415, 104950
0.006523, 103851
0.006449, 103851
0.006394, 103851
0.006398, 103851
0.006372, 103851
0.006543, 103851
0.006443, 103851
0.006372, 103851
0.006555, 103851
0.006374, 103851
0.006467, 103851
0.006360, 103851
0.006373, 103851
0.006554, 104950
0.006417, 104950
0.006561, 104950
0.006433, 104950
0.006415, 104950
0.006584, 103851
0.006373, 103851
0.006428, 103851
0.006403, 103851
0.006373, 103851
0.006502, 103851
0.006388, 103851
0.006423, 103851
0.006433, 103851
0.006363, 103851
0.006404, 103851
0.006363, 103851
0.006493, 103851
0.006481, 104950
0.006430, 104950
0.006443, 104950
0.006432, 104950
0.006489, 104950
0.006524, 104950
0.006469, 104950
0.006419, 104950
0.006447, 104950
0.006417, 104950
0.006508, 104950
0.006485, 104950
0.006416, 104950
0.006521, 104950
0.006418, 104950
0.006507, 104950
0.006487, 104950
0.006417, 104950
0.006575, 104950
0.006420, 104950
0.006417, 104950
0.006411, 104950
0.006407, 104950
0.006531, 104950
0.006407, 103851
0.006362, 103851
0.006363, 103851
0.006362, 103851
0.006622, 102753
0.006345, 102753
0.006328, 101656
0.006396, 101656
0.006285, 101656
0.006356, 101656
0.006316, 101656
0.006298, 100560
0.006332, 100560
0.006258, 101656
0.006335, 101656
0.006410, 101656
0.006293, 101656
0.006307, 102753
0.006361, 102753
0.006404, 103851
0.006483, 104950
0.006465, 103851
0.006373, 103851
0.006388, 103851
0.006373, 103851
0.006463, 103851
0.006402, 103851
0.006372, 103851
0.006483, 103851
0.006373, 103851
0.006395, 103851
0.006434, 103851
0.006372, 103851
0.006648, 103851
0.006360, 104950
0.006416, 104950
0.006509, 103851
0.006374, 103851
0.006539, 103851
0.006388, 103851
0.006371, 103851
0.006476, 103851
0.006372, 103851
0.006556, 103851
0.006388, 103851
0.006373, 103851
0.006479, 103851
0.006388, 103851
0.006550, 103851
0.006402, 104950
0.006449, 104950
0.006509, 103851
0.006387, 103851
0.006437, 103851
0.006508, 103851
0.006407, 103851
0.006467, 103851
0.006386, 103851
0.006373, 103851
0.006483, 103851
0.006421, 103851
0.006372, 103851
0.006404, 103851
0.006372, 103851
0.006464, 103851
0.006420, 103851
0.006371, 103851
0.006736, 103851
0.006373, 103851
0.006464, 103851
0.006449, 103851
0.006370, 103851
0.006633, 103851
0.006373, 103851
0.006371, 103851
0.006403, 103851
0.006371, 103851
0.006544, 103851
0.006390, 104950
0.006417, 104950
0.006434, 104950
0.006471, 103851
0.006802, 103851
0.006388, 103851
0.006425, 103851
0.006501, 103851
0.006373, 103851
0.006544, 103851
0.006402, 103851
0.006405, 103851
0.006479, 103851
0.006389, 101656
0.006285, 101656
0.006301, 101656
0.006314, 101656
0.006377, 100560
0.006257, 101656
0.006286, 101656
0.006391, 101656
0.006311, 101656
0.006286, 101656
0.006315, 101656
0.006285, 101656
0.006378, 101656
0.006333, 102753
0.006328, 102753
0.006752, 104950
0.006417, 104950
0.006507, 104950
0.006599, 104950
0.006418, 104950
0.006597, 104950
0.006386, 104950
0.006490, 104950
0.006445, 104950
0.006417, 104950
0.006643, 104950
0.006434, 104950
0.006449, 104950
0.006449, 104950
0.006416, 104950
0.006588, 104950
0.006434, 104950
0.006468, 104950
0.006405, 104950
0.006416, 104950
0.006528, 104950
0.006434, 104950
0.006614, 104950
0.006525, 104950
0.006461, 104950
0.006486, 103851
0.006404, 103851
0.006382, 103851
0.006480, 103851
0.006443, 103851
0.006374, 103851
0.006388, 103851
0.006372, 103851
0.006465, 103851
0.006421, 102753
0.006330, 102753
0.006433, 103851
0.006375, 103851
0.006395, 103851
0.006463, 103851
0.006374, 103851
0.006463, 103851
0.006389, 103851
0.006372, 103851
0.006466, 103851
0.006362, 103851
0.006436, 103851
0.006361, 104950
0.006408, 104950
0.006547, 104950
0.006407, 104950
0.006596, 104950
0.006479, 104950
0.006436, 104950
0.006576, 104950
0.006506, 104950
0.006540, 104950
0.006426, 104950
0.006384, 104950
0.006557, 104950
0.006454, 104950
0.006466, 104950
0.006523, 104950
0.006467, 103851
0.006457, 103851
0.006405, 103851
0.006427, 103851
0.006479, 103851
0.006443, 102753
0.006329, 102753
0.006344, 102753
0.006329, 102753
0.006419, 102753
0.006659, 102753
0.006349, 102753
0.006458, 102753
0.006329, 102753
0.006349, 102753
0.006412, 103851
0.006373, 103851
0.006465, 103851
0.006387, 102753
0.006328, 101656
0.006354, 102753
0.006298, 102753
0.006458, 102753
0.006345, 102753
0.006328, 102753
0.006513, 102753
0.006340, 102753
0.006337, 100560
0.006272, 100560
0.006240, 100560
0.006379, 100560
0.006256, 100560
0.006278, 100560
0.006347, 101656
0.006283, 101656
0.006254, 100560
0.006272, 101656
0.006317, 101656
0.006374, 101656
0.006300, 101656
0.006284, 101656
0.006421, 101656
0.006312, 101656
0.006354, 101656
0.006314, 103851
0.006370, 103851
0.006478, 103851
0.006423, 103851
0.006371, 103851
0.006387, 103851
0.006371, 103851
0.006462, 103851
0.006421, 102753
0.006328, 102753
0.006494, 102753
0.006327, 102753
0.006349, 102753
0.006432, 102753
0.006328, 102753
0.006474, 103851
0.006386, 103851
0.006371, 103851
0.006388, 102753
0.006329, 102753
0.006726, 102753
0.006345, 102753
0.006326, 102753
0.006457, 101656
0.006283, 101656
0.006338, 102753
0.006360, 101656
0.006284, 101656
0.006374, 101656
0.006299, 101656
0.006335, 101656
0.006399, 101656
0.006283, 101656
0.006357, 100560
0.006272, 100560
0.006294, 102753
0.006421, 102753
0.006355, 101656
0.006285, 101656
0.006300, 101656
0.006477, 102753
0.006419, 102753
0.006353, 102753
0.006327, 102753
0.006438, 102753
0.006416, 102753
0.006328, 102753
0.006376, 102753
0.006326, 103851
0.006494, 103851
0.006388, 103851
0.006372, 103851
0.006648, 104950
0.006417, 104950
0.006510, 104950
0.006433, 104950
0.006387, 104950
0.006571, 104950
0.006416, 104950
0.006490, 104950
0.006449, 104950
0.006416, 104950
0.006511, 104950
0.006434, 104950
0.006470, 104950
0.006432, 104950
0.006417, 104950
0.006528, 104950
0.006434, 104950
0.006624, 104950
0.006452, 104950
0.006458, 104950
0.006507, 104950
0.006433, 104950
0.006477, 104950
0.006522, 104950
0.006467, 104950
0.006416, 104950
0.006449, 104950
0.006418, 104950
0.006507, 104950
0.006445, 104950
0.006416, 104950
0.006433, 104950
0.006416, 104950
0.006507, 104950
0.006483, 104950
0.006417, 104950
0.006580, 104950
0.006415, 104950
0.006487, 104950
0.006422, 104950
0.006405, 104950
0.006530, 104950
0.006407, 104950
0.006407, 104950
0.006405, 104950
0.006405, 104950
0.006542, 103851
0.006366, 103851
0.006375, 103851
0.006405, 103851
0.006368, 103851
0.006459, 103851
0.006366, 103851
0.006400, 103851
0.006407, 103851
0.006367, 103851
0.006399, 103851
0.006368, 103851
0.006374, 103851
0.006404, 102753
0.006323, 102753
0.006380, 102753
0.006361, 102753
0.006331, 103851
0.006365, 103851
0.006367, 103851
0.006414, 103851
0.006405, 103851
0.006378, 103851
0.006364, 103851
0.006404, 103851
0.006400, 103851
0.006365, 104950
0.006444, 104950
0.006407, 104950
0.006448, 104950
0.006409, 104950
0.006407, 104950
0.006499, 104950
0.006408, 104950
0.006409, 104950
0.006408, 104950
0.006409, 104950
0.006505, 104950
0.006410, 104950
0.006407, 104950
0.006411, 104950
0.006408, 104950
0.006479, 104950
0.006410, 104950
0.006461, 104950
0.006449, 103851
0.006367, 103851
0.006398, 103851
0.006367, 103851
0.006425, 103851
0.006404, 103851
0.006367, 103851
0.006406, 103851
0.006406, 103851
0.006419, 103851
0.006364, 103851
0.006367, 103851
0.006398, 103851
0.006406, 103851
0.006421, 103851
0.006365, 103851
0.006401, 103851
0.006367, 104950
0.006448, 104950
0.006501, 104950
0.006408, 104950
0.006426, 104950
0.006409, 104950
0.006408, 104950
0.006486, 103851
0.006364, 103851
0.006424, 103851
0.006366, 103851
0.006363, 103851
0.006482, 103851
0.006368, 103851
0.006446, 103851
0.006365, 102753
0.006298, 102753
0.006624, 102753
0.006321, 102753
0.006356, 102753
0.006319, 102753
0.006341, 102753
0.006361, 102753
0.006321, 102753
0.006353, 102753
0.006359, 102753
0.006320, 103851
0.006367, 103851
0.006364, 103851
0.006394, 103851
0.006404, 103851
0.006365, 103851
0.006364, 103851
0.006414, 103851
0.006426, 103851
0.006518, 103851
0.006480, 103851
0.006392, 103851
0.006528, 103851
0.006392, 103851
0.006518, 103851
0.006473, 103851
0.006391, 103851
0.006530, 102753
0.006364, 103851
0.006392, 103851
0.006476, 103851
0.006391, 103851
0.006625, 102753
0.006345, 102753
0.006328, 102753
0.006346, 102753
0.006331, 103851
0.006532, 103851
0.006359, 103851
0.006373, 103851
0.006455, 103851
0.006372, 104950
0.006532, 104950
0.006446, 104950
0.006465, 104950
0.006507, 103851
0.006388, 103851
0.006426, 103851
0.006389, 103851
0.006408, 103851
0.006403, 103851
0.006360, 102753
0.006316, 102753
0.006337, 102753
0.006361, 102753
0.006346, 102753
0.006317, 102753
0.006358, 102753
0.006359, 102753
0.006370, 101656
0.006275, 101656
0.006276, 101656
0.006274, 101656
0.006315, 101656
0.006328, 102753
0.006319, 102753
0.006358, 102753
0.006319, 102753
0.006318, 102753
0.006380, 101656
0.006275, 102753
0.006363, 102753
0.006403, 101656
0.006315, 101656
0.006397, 101656
0.006337, 101656
0.006314, 101656
0.006337, 101656
0.006318, 102753
0.006590, 102753
0.006464, 102753
0.006476, 103851
0.006392, 103851
0.006390, 103851
0.006514, 103851
0.006407, 103851
0.006454, 103851
0.006409, 103851
0.006440, 104950
0.006538, 104950
0.006465, 104950
0.006503, 104950
0.006548, 104950
0.006502, 104950
0.006522, 104950
0.006467, 104950
0.006438, 104950
0.006555, 104950
0.006522, 104950
0.006522, 104950
0.006501, 104950
0.006436, 104950
0.006539, 104950
0.006432, 104950
0.006415, 104950
0.006439, 104950
0.006416, 104950
0.006507, 104950
0.006432, 103851
0.006371, 103851
0.006425, 103851
0.006361, 103851
0.006494, 102753
0.006315, 102753
0.006316, 102753
0.006411, 102753
0.006297, 102753
0.006366, 103851
0.006364, 103851
0.006364, 103851
0.006407, 103851
0.006364, 104950
0.006462, 104950
0.006465, 104950
0.006410, 104950
0.006426, 104950
0.006410, 104950
0.006456, 104950
0.006449, 104950
0.006410, 104950
0.006409, 104950
0.006410, 104950
0.006459, 104950
0.006447, 104950
0.006418, 104950
0.006407, 104950
0.006446, 104950
0.006464, 104950
0.006407, 104950
0.006443, 104950
0.006406, 104950
0.006446, 104950
0.006472, 104950
0.006408, 104950
0.006533, 104950
0.006409, 103851
0.006393, 103851
0.006364, 103851
0.006363, 103851
0.006459, 103851
0.006365, 103851
0.006362, 103851
0.006365, 103851
0.006364, 103851
0.006435, 103851
0.006366, 103851
0.006362, 103851
0.006565, 103851
0.006367, 103851
0.006412, 103851
0.006363, 103851
0.006364, 103851
0.006405, 103851
0.006363, 103851
0.006401, 103851
0.006398, 103851
0.006363, 103851
0.006364, 103851
0.006364, 103851
0.006393, 103851
0.006405, 103851
0.006415, 103851
0.006364, 103851
0.006401, 103851
0.006399, 104950
0.006428, 104950
0.006519, 104950
0.006410, 104950
0.006448, 104950
0.006441, 104950
0.006406, 104950
0.006462, 104950
0.006407, 104950
0.006447, 104950
0.006408, 104950
0.006406, 104950
0.006502, 104950
0.006407, 104950
0.006425, 104950
0.006415, 104950
0.006407, 104950
0.006542, 104950
0.006407, 104950
0.006467, 104950
0.006408, 104950
0.006395, 104950
0.006510, 104950
0.006406, 104950
0.006419, 104950
0.006410, 104950
0.006407, 104950
0.006447, 104950
0.006410, 104950
0.006458, 104950
0.006447, 104950
0.006408, 104950
0.006412, 104950
0.006409, 104950
0.006459, 104950
0.006449, 104950
0.006558, 104950
0.006435, 104950
0.006453, 104950
0.006435, 104950
0.006559, 104950
0.006489, 104950
0.006436, 104950
0.006451, 104950
0.006436, 104950
0.006539, 103851
0.006474, 103851
0.006391, 103851
0.006528, 103851
0.006407, 103851
0.006493, 103851
0.006404, 103851
0.006370, 103851
0.006623, 103851
0.006389, 103851
0.006371, 103851
0.006363, 103851
0.006359, 103851
0.006454, 103851
0.006361, 103851
0.006432, 103851
0.006380, 103851
0.006359, 103851
0.006537, 103851
0.006441, 103851
0.006457, 103851
0.006476, 104950
0.006446, 104950
0.006481, 104950
0.006465, 104950
0.006513, 104950
0.006522, 104950
0.006495, 104950
0.006444, 104950
0.006466, 104950
0.006406, 104950
0.006444, 104950
0.006419, 104950
0.006406, 104950
0.006430, 104950
0.006406, 104950
0.006448, 104950
0.006439, 104950
0.006408, 104950
0.006449, 104950
0.006407, 104950
0.006405, 104950
0.006441, 104950
0.006406, 104950
0.006449, 104950
0.006407, 104950
0.006406, 104950
0.006481, 104950
0.006408, 104950
0.006463, 104950
0.006406, 104950
0.006404, 104950
0.006521, 104950
0.006406, 104950
0.006481, 104950
0.006457, 103851
0.006390, 103851
0.006484, 102753
0.006380, 102753
0.006391, 102753
0.006450, 102753
0.006362, 102753
0.006417, 102753
0.006344, 102753
0.006359, 103851
0.006465, 103851
0.006420, 104950
0.006414, 104950
0.006431, 104950
0.006469, 103851
0.006466, 103851
0.006435, 103851
0.006371, 103851
0.006498, 103851
0.006387, 103851
0.006441, 103851
0.006423, 104950
0.006414, 102753
0.006421, 102753
0.006343, 102753
0.006326, 102753
0.006353, 102753
0.006326, 102753
0.006416, 102753
0.006357, 103851
0.006370, 103851
0.006514, 103851
0.006387, 103851
0.006444, 103851
0.006387, 103851
0.006369, 103851
0.006523, 103851
0.006388, 103851
0.006761, 103851
0.006478, 103851
0.006371, 103851
0.006463, 103851
0.006460, 103851
0.006429, 103851
0.006502, 102753
0.006343, 103851
0.006460, 103851
0.006387, 103851
0.006421, 103851
0.006461, 103851
0.006440, 103851
0.006371, 103851
0.006388, 103851
0.006453, 104950
0.006505, 104950
0.006482, 104950
0.006414, 104950
0.006549, 104950
0.006432, 103851
0.006461, 103851
0.006397, 103851
0.006371, 103851
0.006466, 102753
0.006344, 102753
0.006326, 102753
0.006355, 101656
0.006283, 101656
0.006449, 102753
0.006358, 101656
0.006280, 101656
0.006493, 101656
0.006300, 101656
0.006365, 101656
0.006298, 102753
0.006326, 102753
0.006490, 103851
0.006384, 104950
0.006436, 104950
0.006431, 104950
0.006414, 104950
0.006507, 104950
0.006446, 104950
0.006466, 104950
0.006505, 104950
0.006431, 104950
0.007212, 104950
0.006449, 103851
0.006567, 103851
0.006476, 103851
0.006454, 103851
0.006461, 103851
0.006388, 103851
0.006445, 102753
0.006419, 103851
0.006403, 103851
0.006371, 103851
0.006492, 103851
0.006515, 103851
0.007037, 103851
0.006480, 103851
0.006372, 103851
0.006448, 104950
0.006413, 104950
0.006505, 104950
0.006430, 104950
0.006415, 104950
0.006461, 103851
0.006360, 103851
0.006712, 103851
0.006361, 103851
0.006349, 103851
0.006407, 103851
0.006356, 103851
0.006384, 103851
0.006360, 103851
0.006351, 104950
0.006454, 103851
0.006363, 103851
0.006385, 103851
0.006415, 103851
0.006358, 103851
0.006412, 103851
0.006359, 103851
0.006388, 103851
0.006411, 103851
0.006359, 104950
0.006430, 104950
0.006402, 104950
0.006407, 104950
0.006451, 104950
0.006461, 104950
0.006395, 104950
0.006458, 104950
0.006433, 104950
0.006404, 104950
0.006458, 104950
0.006396, 104950
0.006455, 104950
0.006401, 104950
0.006397, 103851
0.006403, 103851
0.006359, 103851
0.006410, 103851
0.006359, 103851
0.006353, 103851
0.006469, 102753
0.006316, 102753
0.006311, 102753
0.006315, 102753
0.006307, 102753
0.006442, 102753
0.006320, 101656
0.006265, 101656
0.006323, 101656
0.006271, 102753
0.006349, 102753
0.006315, 102753
0.006309, 102753
0.006366, 102753
0.006319, 102753
0.006391, 103851
0.006412, 103851
0.006360, 104950
0.006403, 104950
0.006404, 104950
0.006455, 104950
0.006458, 104950
0.006441, 104950
0.006398, 104950
0.006406, 104950
0.006401, 104950
0.006456, 104950
0.006522, 104950
0.006397, 104950
0.006444, 104950
0.006403, 104950
0.006426, 104950
0.006415, 104950
0.006390, 104950
0.006455, 104950
0.006403, 104950
0.006396, 104950
0.006438, 104950
0.006403, 104950
0.006507, 104950
0.006407, 104950
0.006390, 104950
0.006926, 104950
0.006402, 104950
0.006545, 104950
0.006404, 104950
0.006391, 104950
0.006458, 104950
0.006403, 104950
0.006630, 104950
0.006406, 104950
0.006410, 104950
0.006457, 104950
0.006403, 104950
0.006438, 104950
0.006402, 104950
0.006413, 104950
0.006459, 104950
0.006402, 104950
0.006397, 104950
0.006455, 104950
0.006441, 104950
0.006397, 104950
0.006403, 104950
0.006397, 104950
0.006459, 104950
0.006413, 104950
0.006395, 104950
0.006538, 104950
0.006424, 103851
0.006411, 103851
0.006398, 103851
0.006353, 102753
0.006408, 102753
0.006315, 102753
0.006297, 102753
0.006315, 102753
0.006309, 102753
0.006436, 103851
0.006363, 103851
0.006352, 103851
0.006522, 103851
0.006359, 102753
0.006430, 102753
0.006315, 102753
0.006296, 102753
0.006366, 102753
0.006315, 102753
0.006351, 100560
0.006227, 100560
0.006224, 100560
0.006278, 100560
0.006226, 100560
0.006267, 100560
0.006280, 100560
0.006227, 101656
0.006284, 101656
0.006270, 102753
0.006392, 102753
0.006365, 102753
0.006318, 102753
0.006309, 102753
0.006367, 102753
0.006539, 102753
0.006346, 102753
0.006350, 102753
0.006325, 103851
0.006459, 103851
0.006447, 103851
0.006368, 103851
0.006422, 103851
0.006384, 103851
0.006462, 103851
0.006385, 104950
0.006410, 104950
0.006534, 104950
0.006428, 104950
0.006435, 104950
0.006428, 104950
0.006412, 103851
0.006599, 103851
0.006386, 103851
0.006457, 103851
0.006360, 103851
0.006363, 103851
0.006474, 103851
0.006363, 102753
0.006379, 102753
0.006355, 102753
0.006316, 102753
0.006317, 102753
0.006320, 102753
0.006367, 102753
0.006362, 101656
0.006275, 101656
0.006296, 102753
0.006339, 102753
0.006435, 101656
0.006304, 101656
0.006320, 101656
0.006274, 101656
0.006314, 101656
0.006330, 102753
0.006318, 102753
0.006318, 102753
0.006317, 102753
0.006361, 103851
0.006413, 103851
0.006361, 102753
0.006336, 102753
0.006319, 102753
0.006295, 102753
0.006584, 102753
0.006315, 102753
0.006354, 102753
0.006318, 102753
0.006316, 102753
0.006431, 103851
0.006362, 103851
0.006432, 103851
0.006361, 103851
0.006359, 103851
0.006400, 103851
0.006361, 104950
0.006454, 104950
0.006403, 104950
0.006403, 104950
0.006436, 104950
0.006405, 104950
0.006417, 104950
0.006447, 104950
0.006405, 104950
0.006425, 104950
0.006405, 104950
0.006414, 104950
0.006448, 104950
0.006500, 104950
0.006406, 104950
0.006405, 104950
0.006403, 104950
0.006443, 104950
0.006454, 104950
0.006403, 104950
0.006440, 104950
0.006405, 104950
0.006424, 104950
0.006454, 104950
0.006404, 104950
0.006447, 104950
0.006406, 103851
0.006360, 103851
0.006391, 103851
0.006362, 103851
0.006434, 103851
0.006361, 103851
0.006347, 103851
0.006432, 103851
0.006361, 103851
0.006464, 104950
0.006405, 104950
0.006403, 104950
0.006447, 104950
0.006405, 104950
0.006435, 104950
0.006406, 104950
0.006405, 104950
0.006612, 104950
0.006403, 104950
0.006416, 104950
0.006481, 104950
0.006498, 104950
0.006445, 104950
0.006403, 104950
0.006426, 104950
0.006445, 104950
0.006450, 104950
0.006404, 104950
0.006403, 104950
0.006404, 104950
0.006444, 104950
0.006459, 104950
0.006404, 104950
0.006422, 104950
0.006402, 104950
0.006447, 104950
0.006454, 104950
0.006403, 104950
0.006473, 104950
0.006404, 104950
0.006391, 104950
0.006459, 104950
0.006403, 103851
0.006431, 103851
0.006360, 102753
0.006293, 102753
0.006380, 102753
0.006316, 101656
0.006470, 101656
0.006273, 101656
0.006249, 101656
0.006314, 102753
0.006315, 102753
0.006331, 102753
0.006318, 102753
0.006315, 103851
0.006377, 103851
0.006359, 103851
0.006392, 103851
0.006401, 103851
0.006358, 101656
0.006272, 100560
0.006228, 101656
0.006332, 101656
0.006313, 101656
0.006273, 101656
0.006273, 101656
0.006482, 101656
0.006343, 101656
0.006275, 101656
0.006326, 102753
0.006317, 102753
0.006335, 102753
0.006331, 102753
0.006317, 102753
0.006383, 102753
0.006317, 102753
0.006335, 102753
0.006353, 102753
0.006317, 102753
0.006387, 102753
0.006319, 101656
0.006261, 101656
0.006273, 100560
0.006208, 100560
0.006369, 100560
0.006232, 100560
0.006211, 100560
0.006326, 100560
0.006290, 102753
0.006403, 102753
0.006382, 102753
0.006360, 102753
0.006439, 102753
0.006378, 102753
0.006422, 101656
0.006300, 101656
0.006330, 101656
0.006377, 100560
0.006254, 99465
0.006253, 99465
0.006287, 99465
0.006262, 99465
0.006241, 99465
0.006211, 99465
0.006266, 99465
0.006286, 100560
0.006267, 101656
0.006282, 102753
0.006420, 102753
0.006391, 102753
0.006326, 102753
0.006352, 103851
0.006386, 103851
0.006460, 103851
0.006452, 102753
0.006324, 102753
0.006445, 102753
0.006342, 102753
0.006395, 102753
0.006342, 102753
0.006326, 102753
0.006427, 101656
0.006314, 101656
0.006282, 101656
0.006282, 101656
0.006298, 101656
0.006431, 101656
0.006297, 103851
0.006369, 103851
0.006460, 102753
0.006343, 103851
0.006416, 102753
0.006343, 102753
0.006390, 102753
0.006393, 102753
0.006356, 102753
0.006337, 102753
0.006345, 102753
0.006393, 102753
0.006418, 102753
0.006342, 101656
0.006283, 100560
0.006332, 100560
0.006321, 100560
0.006238, 100560
0.006239, 100560
0.006256, 100560
0.006333, 100560
0.006344, 100560
0.006239, 101656
0.006374, 101656
0.006300, 101656
0.006282, 101656
0.006403, 101656
0.006299, 101656
0.006373, 100560
0.006254, 101656
0.006283, 101656
0.006430, 100560
0.006254, 100560
0.006237, 100560
0.006255, 101656
0.006296, 101656
0.006451, 101656
0.006297, 101656
0.006280, 101656
0.006390, 101656
0.006296, 101656
0.006357, 101656
0.006298, 102753
0.006326, 102753
0.006421, 103851
0.006402, 103851
0.006673, 103851
0.006389, 103851
0.006430, 103851
0.006461, 103851
0.006386, 103851
0.006363, 102753
0.006354, 102753
0.006349, 102753
0.006334, 102753
0.006315, 102753
0.006313, 102753
0.006353, 103851
0.006386, 103851
0.006360, 102753
0.006360, 102753
0.006376, 102753
0.006410, 103851
0.006473, 103851
0.006401, 101656
0.006401, 100560
0.006292, 100560
0.006307, 100560
0.006298, 99465
0.006187, 99465
0.006301, 99465
0.006188, 99465
0.006185, 99465
0.006364, 101656
0.006273, 101656
0.006324, 101656
0.006275, 101656
0.006274, 102753
0.006586, 102753
0.006318, 102753
0.006445, 102753
0.006374, 102753
0.006317, 102753
0.006396, 102753
0.006316, 102753
0.006373, 102753
0.006295, 102753
0.006329, 102753
0.006361, 103851
0.006359, 102753
0.006319, 102753
0.006354, 102753
0.006374, 102753
0.006339, 102753
0.006317, 103851
0.006487, 103851
0.006402, 103851
0.006535, 103851
0.006390, 103851
0.006444, 103851
0.006404, 103851
0.006473, 102753
0.006409, 102753
0.006348, 102753
0.006427, 102753
0.006341, 102753
0.006416, 102753
0.006342, 102753
0.006325, 102753
0.006469, 102753
0.006357, 102753
0.006326, 102753
0.006341, 103851
0.006386, 103851
0.006531, 103851
0.006384, 103851
0.006368, 103851
0.006401, 103851
0.006356, 103851
0.006453, 103851
0.006358, 103851
0.006417, 103851
0.006398, 103851
0.006357, 103851
0.006437, 103851
0.006405, 103851
0.006434, 102753
0.006468, 102753
0.006362, 102753
0.006343, 102753
0.006375, 102753
0.006435, 103851
0.006459, 103851
0.006384, 103851
0.006367, 103851
0.006460, 104950
0.006437, 104950
0.006412, 104950
0.006480, 104950
0.006427, 104950
0.006503, 104950
0.006443, 104950
0.006412, 104950
0.006467, 104950
0.006429, 104950
0.006507, 104950
0.006429, 104950
0.006411, 104950
0.006556, 103851
0.006385, 103851
0.006412, 103851
0.006384, 103851
0.006384, 103851
0.006535, 103851
0.006401, 103851
0.006377, 103851
0.006369, 103851
0.006385, 104950
0.006572, 103851
0.006382, 103851
0.006432, 102753
0.006416, 102753
0.006339, 102753
0.006323, 102753
0.006312, 102753
0.006376, 101656
0.006371, 101656
0.006312, 102753
0.006324, 102753
0.006319, 102753
0.006348, 102753
0.006354, 102753
0.006326, 102753
0.006314, 102753
0.006355, 101656
0.006324, 101656
0.006270, 102753
0.006370, 102753
0.006318, 102753
0.006356, 102753
0.006350, 102753
0.006319, 102753
0.006425, 102753
0.006322, 103851
0.006364, 103851
0.006396, 103851
0.006362, 103851
0.006454, 103851
0.006363, 103851
0.006357, 103851
0.006435, 102753
0.006316, 103851
0.006391, 103851
0.006362, 103851
0.006361, 103851
0.006485, 103851
0.006361, 102753
0.006400, 102753
0.006378, 102753
0.006317, 102753
0.006338, 102753
0.006317, 102753
0.006589, 102753
0.006369, 102753
0.006317, 102753
0.006318, 103851
0.006402, 103851
0.006422, 103851
0.006402, 103851
0.006361, 104950
0.006404, 104950
0.006446, 104950
0.007339, 104950
0.006658, 104950
0.006597, 104950
0.006531, 104950
0.006627, 104950
0.006614, 104950
0.006590, 104950
0.006488, 104950
0.006448, 104950
0.006538, 104950
0.006467, 104950
0.006525, 104950
0.006642, 104950
0.006465, 104950
0.006538, 104950
0.006465, 104950
0.006596, 104950
0.006485, 104950
0.006441, 104950
0.006524, 104950
0.006487, 104950
0.006599, 104950
0.006467, 104950
0.006492, 104950
0.006463, 104950
0.006468, 104950
0.006709, 104950
0.006493, 104950
0.006522, 104950
0.006558, 104950
0.006649, 104950
0.006622, 104950
0.006626, 104950
0.006512, 104950
0.006514, 104950
0.006515, 104950
0.006700, 104950
0.006539, 104950
0.006536, 104950
0.006552, 104950
0.006520, 104950
0.006511, 103851
0.006587, 102753
0.006593, 101656
0.006349, 101656
0.006268, 101656
0.006291, 101656
0.006717, 101656
0.006774, 102753
0.006457, 101656
0.006518, 101656
0.006363, 102753
0.006482, 102753
0.006453, 102753
0.006449, 102753
0.006427, 102753
0.006460, 102753
0.006523, 102753
0.006446, 102753
0.006442, 102753
0.006465, 102753
0.006449, 102753
0.006389, 102753
0.006469, 102753
0.006421, 102753
0.006556, 102753
0.006536, 102753
0.006476, 102753
0.006291, 102753
0.006344, 102753
0.006334, 102753
0.006533, 102753
0.006341, 102753
0.006417, 102753
0.006504, 102753
0.006290, 102753
0.006290, 102753
0.006409, 102753
0.006315, 102753
0.006290, 102753
0.006348, 103851
0.006529, 102753
0.006290, 102753
0.006289, 102753
0.006408, 102753
0.006426, 102753
0.006289, 102753
0.006290, 103851
0.006515, 103851
0.006360, 103851
0.006333, 103851
0.006570, 103851
0.006393, 103851
0.006334, 103851
0.006334, 103851
0.006433, 103851
0.006337, 103851
0.006333, 103851
0.006467, 103851
0.006393, 103851
0.006334, 103851
0.006499, 103851
0.006435, 103851
0.006335, 103851
0.006333, 103851
0.006406, 103851
0.006394, 102753
0.006290, 101656
0.006431, 101656
0.006353, 101656
0.006274, 101656
0.006352, 101656
0.006370, 101656
0.006248, 101656
0.006430, 102753
0.006398, 102753
0.006428, 102753
0.006360, 102753
0.006321, 103851
0.006367, 103851
0.006428, 103851
0.006478, 103851
0.006364, 103851
0.006443, 104950
0.006383, 104950
0.006683, 104950
0.006414, 104950
0.006490, 104950
0.006699, 104950
0.006471, 104950
0.006534, 104950
0.006412, 104950
0.006381, 104950
0.006770, 104950
0.006405, 104950
0.006500, 104950
0.006413, 104950
0.006403, 104950
0.006747, 104950
0.006406, 104950
0.006527, 104950
0.006448, 104950
0.006415, 104950
0.007173, 104950
0.006482, 104950
0.006530, 104950
0.006624, 104950
0.006619, 104950
0.006647, 104950
0.006462, 104950
0.006410, 103851
0.006479, 103851
0.006542, 103851
0.006461, 103851
0.006364, 103851
0.006363, 103851
0.006439, 103851
0.006452, 103851
0.006423, 103851
0.006466, 103851
0.006365, 103851
0.006444, 104950
0.006679, 104950
0.006411, 104950
0.006515, 104950
0.006412, 104950
0.006486, 104950
0.006409, 104950
0.006406, 103851
0.006650, 103851
0.006354, 103851
0.006373, 103851
0.006353, 103851
0.006352, 103851
0.006561, 103851
0.006356, 103851
0.006412, 103851
0.006492, 103851
0.006354, 103851
0.006635, 103851
0.006353, 103851
0.006544, 104950
0.006485, 104950
0.006408, 103851
0.006403, 103851
0.006366, 103851
0.006637, 103851
0.006439, 103851
0.006366, 103851
0.006366, 103851
0.006402, 103851
0.006447, 103851
0.006423, 104950
0.006405, 104950
0.006410, 104950
0.006522, 103851
0.006464, 103851
0.006384, 103851
0.006525, 103851
0.006362, 103851
0.006478, 103851
0.006365, 103851
0.006382, 103851
0.006511, 103851
0.006364, 102753
0.006418, 102753
0.006321, 102753
0.006317, 102753
0.006522, 103851
0.006366, 103851
0.006404, 103851
0.006369, 103851
0.006362, 103851
0.006552, 102753
0.006323, 102753
0.006467, 102753
0.006375, 102753
0.006323, 102753
0.006496, 102753
0.006323, 102753
0.006649, 102753
0.006692, 102753
0.006394, 103851
0.006474, 104950
0.006597, 104950
0.006482, 104950
0.006591, 104950
0.006444, 104950
0.006420, 104950
0.006379, 104950
0.006489, 104950
0.006380, 104950
0.006494, 104950
0.006410, 104950
0.006399, 104950
0.006423, 104950
0.006378, 104950
0.006751, 104950
0.006424, 104950
0.006442, 104950
0.006424, 104950
0.006380, 104950
0.006445, 104950
0.006430, 104950
0.006381, 104950
0.006407, 104950
0.006453, 104950
0.006406, 104950
0.006379, 104950
0.006475, 104950
0.006383, 104950
0.006403, 104950
0.006465, 104950
0.006405, 104950
0.006516, 104950
0.006408, 104950
0.006406, 104950
0.006448, 104950
0.006409, 104950
0.006460, 104950
0.006406, 104950
0.006403, 104950
0.006445, 104950
0.006404, 104950
0.006458, 104950
0.006443, 104950
0.006407, 104950
0.006426, 103851
0.006362, 103851
0.006437, 103851
0.006403, 103851
0.006362, 103851
0.006361, 103851
0.006366, 103851
0.006423, 103851
0.006402, 103851
0.006395, 103851
0.006348, 103851
0.006402, 103851
0.006423, 103851
0.006362, 104950
0.006415, 104950
0.006404, 104950
0.006444, 104950
0.006453, 104950
0.006405, 104950
0.006479, 104950
0.006406, 104950
0.006407, 104950
0.006499, 104950
0.006420, 104950
0.006508, 104950
0.006421, 104950
0.006416, 104950
0.006416, 104950
0.006423, 104950
0.006517, 104950
0.006422, 104950
0.006416, 104950
0.006541, 104950
0.006401, 104950
0.006492, 104950
0.006402, 104950
0.006460, 104950
0.006483, 104950
0.006402, 104950
0.006396, 104950
0.006396, 104950
0.006453, 104950
0.006455, 104950
0.006401, 104950
0.006396, 103851
0.006427, 103851
0.006416, 103851
0.006380, 103851
0.006350, 103851
0.006356, 103851
0.006411, 103851
0.006411, 103851
0.006351, 103851
0.006385, 103851
0.006359, 103851
0.006410, 103851
0.006397, 103851
0.006356, 104950
0.006464, 104950
0.006405, 104950
0.006395, 104950
0.006447, 104950
0.006402, 104950
0.006482, 104950
0.006401, 104950
0.006396, 104950
0.006569, 103851
0.006356, 103851
0.006472, 103851
0.006355, 103851
0.006359, 103851
0.006410, 103851
0.006358, 103851
0.006362, 103851
0.006351, 103851
0.006357, 103851
0.006414, 103851
0.006357, 103851
0.006364, 103851
0.006411, 103851
0.006436, 103851
0.006382, 104950
0.006397, 104950
0.006472, 104950
0.006457, 104950
0.006593, 104950
0.006412, 104950
0.006410, 104950
0.006428, 104950
0.006475, 104950
0.006480, 103851
0.006367, 103851
0.006485, 102753
0.006357, 102753
0.006416, 101656
0.006346, 101656
0.006295, 101656
0.006380, 102753
0.006340, 102753
0.006324, 102753
0.006380, 102753
0.006341, 102753
0.006460, 102753
0.006339, 102753
0.006337, 102753
0.006553, 102753
0.006356, 102753
0.006387, 104950
0.006403, 104950
0.006402, 104950
0.006442, 104950
0.006401, 104950
0.006419, 104950
0.006483, 104950
0.006492, 104950
0.006494, 104950
0.006440, 104950
0.006452, 104950
0.006475, 104950
0.006520, 104950
0.006435, 104950
0.006420, 104950
0.006581, 104950
0.006445, 103851
0.006405, 103851
0.006353, 103851
0.006352, 103851
0.006352, 102753
0.006349, 102753
0.006383, 102753
0.006311, 102753
0.006348, 102753
0.006308, 102753
0.006308, 102753
0.006364, 102753
0.006308, 102753
0.006346, 103851
0.006362, 103851
0.006363, 104950
0.006504, 104950
0.006405, 104950
0.006380, 104950
0.006404, 104950
0.006403, 104950
0.006518, 104950
0.006404, 104950
0.006414, 104950
0.006451, 104950
0.006465, 104950
0.006511, 104950
0.006465, 104950
0.006480, 104950
0.006499, 104950
0.006486, 103851
0.006420, 103851
0.006403, 103851
0.006457, 103851
0.006455, 103851
0.006423, 103851
0.006401, 103851
0.006404, 103851
0.006456, 103851
0.006456, 102753
0.006431, 102753
0.006358, 102753
0.006357, 102753
0.006398, 102753
0.006377, 102753
0.006347, 102753
0.006375, 102753
0.006410, 102753
0.006380, 102753
0.006359, 102753
0.006413, 102753
0.006375, 102753
0.006412, 102753
0.006379, 102753
0.006356, 102753
0.006462, 102753
0.006318, 102753
0.006316, 102753
0.006320, 102753
0.006316, 101656
0.006469, 101656
0.006277, 101656
0.006268, 100560
0.006250, 100560
0.006206, 100560
0.006771, 100560
0.006232, 101656
0.006294, 102753
0.006356, 101656
0.006276, 102753
0.006364, 102753
0.006320, 102753
0.006368, 102753
0.006360, 103851
0.006362, 103851
0.006360, 103851
0.006401, 103851
0.006378, 102753
0.006319, 102753
0.006319, 102753
0.006318, 102753
0.006358, 102753
0.006335, 102753
0.006316, 102753
0.006379, 102753
0.006378, 102753
0.006337, 103851
0.006410, 103851
0.006362, 103851
0.006402, 103851
0.006363, 102753
0.006320, 102753
0.006338, 102753
0.006318, 102753
0.006425, 102753
0.006320, 102753
0.006317, 102753
0.006417, 102753
0.006320, 102753
0.006359, 102753
0.006317, 102753
0.006317, 102753
0.006360, 102753
0.006322, 103851
0.006428, 103851
0.006383, 104950
0.006402, 104950
0.006444, 104950
0.006409, 104950
0.006443, 104950
0.006443, 104950
0.006408, 104950
0.006403, 104950
0.006406, 104950
0.006463, 103851
0.006400, 103851
0.006420, 103851
0.006381, 103851
0.006363, 103851
0.006403, 103851
0.006401, 102753
0.006362, 102753
0.006318, 102753
0.006357, 102753
0.006315, 102753
0.006347, 102753
0.006383, 102753
0.006360, 103851
0.006513, 103851
0.006407, 103851
0.006389, 103851
0.006406, 103851
0.006405, 103851
0.006570, 103851
0.006405, 103851
0.006391, 103851
0.006478, 103851
0.006421, 103851
0.006538, 103851
0.006358, 102753
0.006314, 102753
0.006356, 102753
0.006315, 102753
0.006370, 102753
0.006315, 102753
0.006314, 102753
0.006418, 103851
0.006386, 102753
0.006379, 102753
0.006433, 102753
0.006372, 103851
0.006413, 103851
0.006371, 103851
0.006445, 103851
0.006460, 103851
0.006437, 103851
0.006370, 103851
0.006367, 103851
0.006385, 103851
0.006464, 103851
0.006402, 103851
0.006387, 103851
0.006457, 104950
0.006447, 104950
0.006447, 104950
0.006428, 104950
0.006429, 104950
0.006541, 103851
0.006386, 103851
0.006370, 103851
0.006384, 103851
0.006386, 103851
0.006497, 103851
0.006386, 103851
0.006386, 103851
0.006463, 103851
0.006402, 103851
0.006488, 103851
0.006369, 103851
0.006386, 103851
0.006464, 104950
0.006430, 104950
0.006467, 104950
0.006414, 104950
0.006431, 103851
0.006464, 103851
0.006385, 103851
0.006416, 103851
0.006460, 103851
0.006419, 103851
0.006412, 103851
0.006367, 104950
0.006465, 104950
0.006507, 104950
0.006445, 104950
0.006414, 104950
0.006412, 104950
0.006429, 104950
0.006507, 104950
0.006443, 104950
0.006427, 104950
0.006526, 104950
0.006416, 104950
0.006508, 104950
0.006429, 104950
0.006430, 104950
0.006549, 104950
0.006430, 103851
0.006370, 103851
0.006370, 103851
0.006387, 103851
0.006510, 103851
0.006385, 103851
0.006369, 103851
0.006389, 103851
0.006401, 103851
0.006592, 103851
0.006367, 103851
0.006386, 103851
0.006461, 103851
0.006386, 103851
0.006505, 103851
0.006357, 104950
0.006448, 104950
0.006505, 104950
0.006429, 104950
0.006446, 104950
0.006402, 104950
0.006433, 104950
0.006440, 104950
0.006402, 104950
0.006402, 104950
0.006442, 104950
0.006459, 104950
0.006424, 104950
0.006452, 104950
0.006406, 104950
0.006448, 104950
0.006456, 104950
0.006404, 104950
0.006459, 104950
0.006404, 104950
0.006447, 104950
0.006443, 104950
0.006406, 104950
0.006500, 104950
0.006404, 104950
0.006403, 104950
0.006404, 104950
0.006403, 104950
0.006500, 104950
0.006404, 104950
0.006402, 104950
0.006461, 104950
0.006406, 104950
0.006552, 104950
0.006402, 104950
0.006391, 104950
0.006444, 104950
0.006403, 104950
0.006445, 104950
0.006407, 104950
0.006440, 104950
0.006443, 104950
0.006404, 104950
0.006453, 104950
0.006444, 104950
0.006452, 104950
0.006427, 104950
0.006382, 104950
0.006401, 103851
0.006400, 103851
0.006488, 103851
0.006360, 103851
0.006454, 103851
0.006405, 102753
0.006440, 102753
0.006375, 102753
0.006346, 102753
0.006413, 103851
0.006374, 102753
0.006437, 102753
0.006363, 102753
0.006361, 102753
0.006473, 102753
0.006342, 102753
0.006347, 102753
0.006326, 102753
0.006340, 103851
0.006538, 103851
0.006384, 103851
0.006370, 103851
0.006368, 103851
0.006401, 103851
0.006512, 103851
0.006359, 103851
0.006371, 102753
0.006356, 102753
0.006311, 101656
0.006350, 102753
0.006315, 102753
0.006431, 102753
0.006420, 102753
0.006342, 101656
0.006281, 101656
0.006301, 102753
0.006409, 102753
0.006416, 103851
0.006369, 103851
0.006386, 103851
0.006464, 103851
0.006400, 103851
0.006368, 104950
0.006411, 104950
0.006428, 104950
0.006504, 103851
0.006432, 103851
0.006374, 103851
0.006521, 103851
0.006391, 103851
0.006451, 103851
0.006401, 103851
0.006376, 103851
0.006508, 103851
0.006375, 103851
0.006359, 103851
0.006359, 104950
0.006431, 103851
0.006542, 103851
0.006386, 103851
0.006384, 103851
0.006368, 103851
0.006402, 103851
0.006531, 101656
0.006282, 101656
0.006298, 101656
0.006375, 102753
0.006341, 102753
0.006386, 102753
0.006326, 102753
0.006370, 102753
0.006420, 101656
0.006290, 102753
0.006369, 102753
0.006409, 102753
0.006348, 102753
0.006316, 102753
0.006319, 102753
0.006304, 103851
0.006452, 103851
0.006389, 103851
0.006361, 103851
0.006354, 102753
0.006307, 102753
0.006345, 103851
0.006391, 103851
0.006359, 103851
0.006401, 102753
0.006316, 102753
0.006295, 102753
0.006346, 102753
0.006313, 102753
0.006396, 102753
0.006315, 102753
0.006317, 102753
0.006407, 102753
0.006317, 103851
0.006411, 104950
0.006407, 104950
0.006404, 104950
0.006478, 103851
0.006362, 103851
0.006491, 103851
0.006384, 103851
0.006360, 103851
0.006459, 103851
0.006362, 103851
0.006812, 103851
0.006511, 103851
0.006360, 103851
0.006361, 102753
0.006320, 102753
0.006451, 102753
0.006357, 103851
0.006364, 103851
0.006363, 103851
0.006400, 103851
0.006415, 103851
0.006363, 103851
0.006363, 103851
0.006362, 103851
0.006403, 103851
0.006421, 103851
0.006362, 103851
0.006374, 103851
0.006362, 104950
0.006446, 104950
0.006494, 104950
0.006406, 104950
0.006458, 104950
0.006410, 104950
0.006408, 104950
0.006409, 104950
0.006405, 104950
0.006486, 104950
0.006407, 104950
0.006386, 104950
0.006408, 104950
0.006405, 103851
0.006537, 103851
0.006363, 103851
0.006340, 103851
0.006402, 103851
0.006363, 103851
0.006397, 103851
0.006366, 103851
0.006393, 103851
0.006403, 104950
0.006408, 103851
0.006350, 103851
0.006382, 103851
0.006414, 103851
0.006401, 103851
0.006363, 103851
0.006996, 103851
0.006541, 103851
0.006415, 103851
0.006382, 104950
0.006406, 104950
0.006492, 104950
0.006561, 104950
0.006482, 104950
0.006433, 104950
0.006409, 103851
0.006396, 103851
0.006502, 103851
0.006397, 103851
0.006379, 103851
0.006366, 103851
0.006376, 103851
0.006502, 103851
0.006377, 103851
0.006374, 104950
0.006487, 104950
0.006446, 104950
0.006586, 104950
0.006413, 104950
0.006430, 104950
0.006505, 103851
0.006386, 103851
0.006571, 103851
0.006362, 103851
0.006360, 103851
0.006400, 102753
0.006315, 102753
0.006375, 102753
0.006324, 102753
0.006405, 103851
0.006461, 103851
0.006370, 103851
0.006449, 103851
0.006460, 103851
0.006401, 104950
0.006412, 104950
0.006412, 104950
0.006429, 104950
0.006508, 104950
0.006474, 104950
0.006413, 104950
0.006413, 104950
0.006445, 104950
0.006505, 104950
0.006450, 104950
0.006431, 104950
0.006541, 104950
0.006428, 104950
0.006485, 103851
0.006340, 101656
0.006299, 101656
0.006412, 101656
0.006298, 101656
0.006280, 101656
0.006282, 101656
0.006311, 101656
0.006448, 102753
0.006325, 103851
0.006386, 103851
0.006460, 102753
0.006342, 102753
0.006390, 102753
0.006325, 102753
0.006357, 102753
0.006419, 103851
0.006386, 103851
0.006466, 103851
0.006455, 103851
0.006400, 103851
0.006440, 102753
0.006323, 103851
0.006422, 103851
0.006460, 103851
0.006399, 103851
0.006368, 103851
0.006368, 102753
0.006326, 102753
0.006354, 102753
0.006328, 102753
0.006313, 102753
0.006352, 102753
0.006314, 102753
0.006314, 102753
0.006387, 102753
0.006318, 103851
0.006399, 103851
0.006360, 104950
0.006405, 104950
0.006458, 104950
0.006393, 104950
0.006443, 104950
0.006405, 104950
0.006402, 104950
0.006473, 104950
0.006405, 104950
0.006403, 104950
0.006405, 104950
0.006402, 104950
0.006480, 104950
0.006406, 104950
0.006525, 104950
0.006444, 103851
0.006359, 103851
0.006370, 103851
0.006360, 103851
0.006745, 103851
0.006486, 103851
0.006361, 103851
0.006361, 102753
0.006350, 102753
0.006492, 102753
0.006454, 102753
0.006359, 102753
0.006378, 102753
0.006365, 102753
0.006483, 102753
0.006401, 103851
0.006453, 104950
0.006465, 104950
0.006497, 104950
0.006405, 104950
0.006404, 104950
0.006457, 104950
0.006406, 104950
0.006442, 103851
0.006359, 103851
0.006361, 103851
0.006484, 103851
0.006364, 103851
0.006381, 103851
0.006358, 103851
0.006360, 102753
0.006390, 102753
0.006317, 102753
0.006314, 102753
0.006359, 102753
0.006319, 102753
0.006431, 103851
0.006364, 103851
0.006362, 103851
0.006400, 102753
0.006318, 102753
0.006354, 102753
0.006317, 102753
0.006387, 102753
0.006358, 102753
0.006319, 103851
0.006371, 103851
0.006402, 103851
0.006475, 104950
0.006406, 104950
0.006405, 104950
0.006405, 104950
0.006445, 104950
0.006477, 104950
0.006402, 104950
0.006405, 104950
0.006609, 104950
0.006561, 104950
0.006505, 104950
0.006448, 104950
0.006459, 104950
0.006404, 104950
0.006445, 104950
0.006424, 104950
0.006403, 104950
0.006460, 104950
0.006404, 104950
0.006403, 104950
0.006403, 104950
0.006403, 104950
0.006500, 104950
0.006403, 104950
0.006403, 103851
0.006400, 102753
0.006294, 102753
0.006438, 102753
0.006347, 102753
0.006482, 102753
0.006429, 102753
0.006361, 102753
0.006361, 102753
0.006346, 102753
0.006489, 103851
0.006477, 103851
0.006369, 103851
0.006386, 103851
0.006488, 103851
0.006431, 103851
0.006459, 103851
0.006369, 103851
0.006387, 103851
0.006461, 103851
0.006422, 103851
0.006369, 103851
0.006369, 103851
0.006400, 103851
0.006460, 103851
0.006440, 103851
0.006386, 103851
0.006499, 103851
0.006385, 103851
0.006459, 103851
0.006368, 103851
0.006384, 103851
0.006459, 103851
0.006387, 103851
0.006369, 103851
0.006370, 103851
0.006400, 103851
0.006497, 103851
0.006370, 103851
0.006385, 103851
0.006479, 103851
0.006384, 103851
0.006519, 103851
0.006369, 103851
0.006450, 104950
0.006503, 104950
0.006430, 104950
0.006454, 104950
0.006413, 104950
0.006507, 104950
0.006505, 104950
0.006428, 104950
0.006429, 104950
0.006414, 104950
0.006463, 104950
0.006504, 104950
0.006412, 104950
0.006428, 103851
0.006461, 103851
0.006423, 103851
0.006367, 103851
0.006405, 103851
0.006402, 103851
0.006464, 103851
0.006444, 103851
0.006385, 103851
0.006382, 103851
0.006385, 103851
0.006460, 103851
0.006369, 103851
0.006385, 102753
0.006429, 102753
0.006343, 102753
0.006295, 102753
0.006326, 101656
0.006313, 101656
0.006430, 101656
0.006299, 101656
0.006297, 101656
0.006301, 101656
0.006299, 101656
0.006437, 101656
0.006280, 101656
0.006429, 101656
0.006373, 101656
0.006300, 103851
0.006399, 102753
0.006324, 102753
0.006724, 102753
0.006518, 102753
0.006326, 102753
0.006342, 102753
0.006412, 102753
0.006378, 102753
0.006395, 102753
0.006325, 102753
0.006341, 102753
0.006417, 102753
0.006404, 102753
0.006341, 103851
0.006369, 102753
0.006342, 102753
0.006415, 103851
0.006435, 103851
0.006383, 103851
0.006556, 103851
0.006385, 103851
0.006391, 103851
0.006434, 103851
0.006400, 104950
0.006554, 103851
0.006385, 103851
0.006386, 103851
0.006369, 103851
0.006389, 103851
0.006494, 103851
0.006368, 103851
0.006384, 101656
0.006369, 101656
0.006298, 101656
0.006298, 101656
0.006280, 101656
0.006313, 101656
0.006375, 100560
0.006236, 100560
0.006269, 101656
0.006392, 102753
0.006402, 101656
0.006373, 101656
0.006282, 101656
0.006310, 101656
0.006371, 101656
0.006359, 103851
0.006386, 103851
0.006368, 103851
0.006399, 103851
0.006461, 103851
0.006435, 102753
0.006342, 102753
0.006415, 102753
0.006513, 102753
0.006347, 102753
0.006390, 102753
0.006356, 102753
0.006415, 103851
0.006384, 103851
0.006383, 104950
0.006509, 104950
0.006428, 104950
0.006520, 104950
0.006413, 104950
0.006428, 104950
0.006528, 104950
0.006429, 104950
0.006520, 104950
0.006412, 104950
0.006428, 104950
0.006504, 103851
0.006385, 103851
0.006426, 103851
0.006368, 103851
0.006400, 103851
0.006459, 103851
0.006369, 103851
0.006450, 103851
0.006397, 103851
0.006403, 104950
0.006423, 104950
0.006403, 104950
0.006455, 104950
0.006445, 104950
0.006474, 104950
0.006452, 104950
0.006433, 104950
0.006467, 104950
0.006556, 104950
0.006483, 104950
0.006449, 104950
0.006447, 104950
0.006464, 104950
0.006557, 104950
0.006526, 104950
0.006430, 104950
0.006460, 104950
0.006430, 104950
0.006560, 104950
0.006414, 104950
0.006429, 104950
0.006519, 104950
0.006429, 104950
0.006510, 104950
0.006414, 104950
0.006446, 104950
0.006543, 104950
0.006429, 104950
0.006481, 103851
0.006370, 103851
0.006401, 103851
0.006461, 103851
0.006370, 103851
0.006448, 103851
0.006479, 103851
0.006387, 103851
0.006441, 103851
0.006369, 104950
0.006492, 104950
0.006504, 104950
0.006446, 104950
0.006428, 104950
0.006412, 104950
0.006501, 104950
0.006506, 104950
0.006427, 104950
0.006429, 104950
0.006535, 103851
0.006385, 103851
0.006460, 103851
0.006404, 103851
0.006386, 103851
0.006461, 103851
0.006389, 103851
0.006384, 103851
0.006386, 102753
0.006358, 102753
0.006467, 102753
0.006326, 102753
0.006342, 102753
0.006426, 102753
0.006342, 102753
0.006481, 102753
0.006296, 102753
0.006342, 104950
0.006515, 104950
0.006430, 104950
0.006483, 104950
0.006413, 104950
0.006446, 103851
0.006459, 103851
0.006368, 103851
0.006536, 103851
0.006488, 103851
0.006386, 102753
0.006418, 102753
0.006325, 101656
0.006774, 101656
0.006397, 101656
0.006316, 101656
0.006291, 102753
0.006324, 102753
0.006448, 102753
0.006418, 102753
0.006370, 102753
0.006342, 103851
0.006459, 103851
0.006386, 103851
0.006463, 103851
0.006411, 103851
0.006386, 103851
0.006460, 103851
0.006386, 103851
0.006390, 103851
0.006406, 103851
0.006401, 102753
0.006455, 102753
0.006327, 102753
0.006342, 102753
0.006459, 102753
0.006342, 102753
0.006503, 102753
0.006326, 102753
0.006358, 102753
0.006457, 102753
0.006325, 102753
0.006385, 102753
0.006324, 102753
0.006341, 101656
0.006405, 101656
0.006282, 101656
0.006451, 101656
0.006376, 102753
0.006344, 102753
0.006342, 102753
0.006325, 102753
0.006402, 102753
0.006417, 102753
0.006380, 102753
0.006342, 102753
0.006413, 102753
0.006380, 103851
0.006440, 103851
0.006383, 103851
0.006399, 103851
0.006462, 104950
0.006486, 104950
0.006430, 104950
0.006455, 104950
0.006445, 104950
0.006504, 104950
0.006412, 104950
0.006430, 104950
0.006445, 104950
0.006429, 104950
0.006504, 104950
0.006414, 104950
0.006430, 103851
0.006517, 103851
0.006386, 103851
0.006422, 103851
0.006369, 103851
0.006373, 103851
0.006497, 103851
0.006369, 102753
0.006397, 102753
0.006324, 103851
0.006385, 103851
0.006459, 103851
0.006368, 103851
0.006474, 103851
0.006406, 103851
0.006353, 103851
0.006386, 103851
0.006348, 103851
0.006409, 103851
0.006406, 103851
0.006348, 103851
0.006361, 103851
0.006422, 103851
0.006418, 103851
0.006383, 103851
0.006402, 103851
0.006364, 103851
0.006400, 103851
0.006421, 103851
0.006365, 103851
0.006432, 103851
0.006405, 103851
0.006511, 103851
0.006389, 103851
0.006405, 103851
0.006549, 102753
0.006362, 102753
0.006469, 102753
0.006324, 102753
0.006341, 102753
0.006444, 102753
0.006340, 102753
0.006380, 102753
0.006325, 102753
0.006342, 102753
0.006553, 102753
0.006325, 103851
0.006422, 103851
0.006490, 103851
0.006383, 103851
0.006463, 103851
0.006368, 102753
0.006420, 102753
0.006419, 102753
0.006341, 102753
0.006341, 102753
0.006325, 102753
0.006417, 102753
0.006416, 102753
0.006324, 102753
0.006342, 102753
0.006419, 102753
0.006376, 103851
0.006391, 103851
0.006383, 103851
0.006401, 103851
0.006459, 103851
0.006430, 103851
0.006384, 103851
0.006382, 103851
0.006385, 103851
0.006460, 103851
0.006370, 103851
0.006359, 104950
0.006457, 104950
0.006401, 104950
0.006401, 104950
0.006402, 104950
0.006401, 104950
0.006556, 104950
0.006405, 104950
0.006424, 104950
0.006404, 103851
0.006360, 103851
0.006444, 103851
0.006362, 103851
0.006416, 103851
0.006401, 103851
0.006361, 103851
0.006371, 103851
0.006363, 102753
0.006456, 103851
0.006402, 103851
0.006363, 103851
0.006430, 103851
0.006403, 103851
0.006808, 103851
0.006463, 103851
0.006364, 103851
0.006362, 103851
0.006401, 103851
0.006419, 104950
0.006406, 104950
0.006408, 104950
0.006405, 104950
0.006445, 104950
0.006454, 104950
0.006405, 104950
0.006471, 104950
0.006406, 104950
0.006446, 103851
0.006424, 103851
0.006351, 103851
0.006400, 102753
0.006308, 102753
0.006285, 102753
0.006383, 102753
0.006345, 102753
0.006413, 102753
0.006324, 102753
0.006346, 103851
0.006364, 103851
0.006388, 103851
0.006473, 103851
0.006352, 103851
0.006354, 103851
0.006395, 103851
0.006353, 102753
0.006337, 102753
0.006311, 102753
0.006311, 102753
0.006398, 102753
0.006309, 101656
0.006342, 101656
0.006306, 101656
0.006299, 101656
0.006264, 101656
0.006266, 101656
0.006273, 101656
0.006304, 102753
0.006360, 102753
0.006309, 101656
0.006303, 102753
0.006321, 102753
0.006308, 102753
0.006363, 102753
0.006309, 102753
0.006346, 102753
0.006358, 102753
0.006513, 102753
0.006457, 102753
0.006354, 102753
0.006421, 102753
0.006337, 101656
0.006326, 101656
0.006411, 101656
0.006293, 101656
0.006310, 101656
0.006272, 101656
0.006288, 102753
0.006493, 102753
0.006324, 102753
0.006341, 102753
0.006389, 102753
0.006341, 103851
0.006439, 103851
0.006369, 103851
0.006415, 103851
0.006459, 102753
0.006326, 102753
0.006473, 102753
0.006318, 102753
0.006331, 101656
0.006312, 101656
0.006271, 101656
0.006329, 101656
0.006373, 101656
0.006314, 101656
0.006298, 101656
0.006282, 101656
0.006298, 100560
0.006330, 101656
0.006323, 101656
0.006297, 101656
0.006375, 101656
0.006298, 101656
0.006296, 101656
0.006336, 101656
0.006297, 101656
0.006371, 101656
0.006280, 101656
0.006297, 102753
0.006427, 103851
0.006387, 102753
0.006398, 103851
0.006370, 103851
0.006402, 103851
0.006496, 103851
0.006370, 103851
0.006441, 103851
0.006369, 103851
0.006387, 103851
0.006541, 104950
0.006414, 104950
0.006483, 104950
0.006524, 102753
0.006343, 102753
0.006396, 102753
0.006326, 102753
0.006397, 102753
0.006417, 102753
0.006326, 101656
0.006300, 101656
0.006282, 101656
0.006361, 101656
0.006373, 101656
0.006283, 102753
0.006330, 102753
0.006421, 101656
0.006336, 101656
0.006298, 101656
0.006324, 101656
0.006297, 102753
0.006418, 102753
0.006382, 102753
0.006343, 103851
0.006494, 103851
0.006388, 103851
0.006442, 102753
0.006390, 102753
0.006329, 102753
0.006487, 102753
0.006328, 101656
0.006291, 101656
0.006276, 101656
0.006290, 101656
0.006426, 101656
0.006274, 102753
0.006349, 102753
0.006409, 101656
0.006291, 101656
0.006303, 101656
0.006245, 101656
0.006291, 101656
0.006365, 101656
0.006275, 101656
0.006306, 102753
0.006406, 102753
0.006335, 102753
0.006389, 102753
0.006320, 102753
0.006367, 102753
0.006414, 102753
0.006563, 102753
0.006434, 102753
0.006319, 102753
0.006350, 103851
0.006456, 103851
0.006461, 103851
0.006380, 103851
0.006466, 103851
0.006378, 103851
0.006447, 103851
0.006425, 103851
0.006394, 103851
0.006453, 103851
0.006362, 103851
0.006381, 103851
0.006426, 103851
0.006379, 103851
0.006467, 103851
0.006364, 103851
0.006378, 103851
0.006499, 103851
0.006378, 103851
0.006443, 103851
0.006362, 103851
0.006395, 103851
0.006441, 103851
0.006362, 103851
0.006398, 103851
0.006362, 102753
0.006335, 102753
0.006409, 102753
0.006320, 102753
0.006392, 102753
0.006433, 102753
0.006335, 102753
0.006362, 103851
0.006362, 103851
0.006438, 103851
0.006458, 103851
0.006458, 103851
0.006381, 103851
0.006363, 103851
0.006393, 103851
0.006453, 103851
0.006416, 104950
0.006448, 104950
0.006504, 104950
0.006434, 103851
0.006386, 103851
0.006431, 102753
0.006343, 102753
0.006416, 102753
0.006483, 102753
0.006343, 102753
0.006383, 102753
0.006344, 102753
0.006417, 102753
0.006326, 102753
0.006359, 103851
0.006515, 103851
0.006386, 103851
0.006401, 103851
0.006372, 103851
0.006388, 103851
0.006534, 103851
0.006371, 103851
0.006422, 104950
0.006434, 104950
0.006402, 104950
0.006508, 104950
0.006414, 104950
0.006461, 104950
0.006506, 104950
0.006431, 104950
0.006465, 104950
0.006403, 104950
0.006416, 104950
0.006443, 103851
0.006415, 103851
0.006360, 103851
0.006360, 103851
0.006461, 103851
0.006456, 103851
0.006462, 103851
0.006402, 104950
0.006440, 104950
0.006468, 104950
0.006499, 104950
0.006499, 104950
0.006464, 104950
0.006541, 104950
0.006431, 104950
0.006503, 104950
0.006415, 104950
0.006447, 104950
0.006590, 104950
0.006416, 104950
0.006430, 104950
0.006416, 104950
0.006430, 104950
0.006539, 103851
0.006372, 103851
0.006425, 103851
0.006482, 103851
0.006386, 103851
0.006540, 103851
0.006370, 103851
0.006439, 103851
0.006461, 103851
0.006368, 104950
0.006431, 104950
0.006414, 104950
0.006495, 104950
0.006506, 104950
0.006414, 104950
0.006430, 104950
0.006433, 104950
0.006488, 104950
0.006506, 104950
0.006455, 104950
0.006443, 104950
0.006504, 104950
0.006492, 102753
0.006343, 102753
0.006342, 102753
0.006343, 102753
0.006416, 102753
0.006327, 102753
0.006342, 102753
0.006412, 102753
0.006343, 102753
0.006431, 102753
0.006327, 102753
0.006359, 101656
0.006411, 101656
0.006282, 102753
0.006345, 102753
0.006327, 102753
0.006344, 102753
0.006483, 102753
0.006328, 102753
0.006359, 102753
0.006419, 102753
0.006343, 102753
0.006356, 103851
0.006375, 103851
0.006413, 103851
0.006462, 103851
0.006371, 103851
0.006398, 103851
0.006371, 103851
0.006461, 103851
0.006464, 103851
0.006371, 104950
0.006447, 104950
0.006506, 104950
0.006772, 104950
0.006547, 104950
0.006471, 103851
0.006404, 103851
0.006464, 103851
0.006415, 103851
0.006388, 103851
0.006417, 103851
0.006388, 103851
0.006464, 103851
0.006371, 103851
0.006389, 103851
0.006507, 103851
0.006388, 104950
0.006519, 104950
0.006415, 104950
0.006448, 104950
0.006523, 104950
0.006415, 103851
0.006474, 103851
0.006372, 103851
0.006389, 103851
0.006555, 103851
0.006373, 103851
0.006442, 103851
0.006372, 102753
0.006345, 101656
0.006375, 101656
0.006283, 101656
0.006380, 101656
0.006374, 101656
0.006283, 100560
0.006256, 100560
0.006239, 100560
0.006406, 101656
0.006373, 101656
0.006281, 101656
0.006314, 101656
0.006374, 101656
0.006413, 102753
0.006340, 102753
0.006326, 102753
0.006342, 103851
0.006461, 103851
0.006411, 103851
0.006386, 103851
0.006399, 103851
0.006360, 103851
0.006400, 103851
0.006413, 103851
0.006360, 103851
0.006449, 103851
0.006360, 103851
0.006358, 103851
0.006363, 103851
0.006363, 103851
0.006478, 102753
0.006359, 102753
0.006376, 102753
0.006321, 102753
0.006318, 102753
0.006414, 102753
0.006320, 102753
0.006317, 102753
0.006358, 102753
0.006318, 103851
0.006372, 102753
0.006317, 101656
0.006276, 101656
0.006317, 101656
0.006277, 101656
0.006309, 102753
0.006358, 102753
0.006317, 102753
0.006320, 102753
0.006318, 102753
0.006352, 102753
0.006360, 102753
0.006319, 103851
0.006362, 104950
0.006444, 104950
0.006436, 104950
0.006402, 104950
0.006406, 104950
0.006404, 104950
0.006443, 103851
0.006411, 103851
0.006359, 103851
0.006453, 103851
0.006361, 103851
0.006357, 103851
0.006387, 103851
0.006359, 103851
0.006454, 103851
0.006360, 104950
0.006381, 104950
0.006404, 104950
0.006403, 104950
0.006517, 104950
0.006405, 104950
0.006383, 104950
0.006442, 104950
0.006404, 104950
0.006501, 104950
0.006405, 104950
0.006459, 104950
0.006444, 104950
0.006403, 104950
0.006456, 104950
0.006404, 104950
0.006414, 104950
0.006443, 104950
0.006403, 104950
0.006403, 104950
0.006443, 104950
0.006455, 104950
0.006425, 104950
0.006404, 104950
0.006444, 104950
0.006445, 104950
0.006455, 104950
0.006404, 103851
0.006414, 103851
0.006360, 103851
0.006400, 103851
0.006409, 103851
0.006359, 103851
0.006441, 103851
0.006362, 102753
0.006324, 102753
0.006293, 102753
0.006315, 102753
0.006412, 101656
0.006277, 101656
0.006248, 101656
0.006307, 101656
0.006318, 101656
0.006447, 102753
0.006347, 102753
0.006379, 102753
0.006475, 103851
0.006390, 103851
0.006530, 103851
0.006390, 103851
0.006424, 103851
0.006465, 103851
0.006371, 103851
0.006465, 104950
0.006385, 104950
0.006444, 104950
0.006506, 104950
0.006416, 104950
0.006430, 104950
0.006424, 104950
0.006489, 104950
0.006522, 104950
0.006597, 104950
0.006506, 104950
0.006551, 104950
0.006432, 104950
0.006521, 103851
0.006467, 103851
0.006386, 103851
0.006462, 103851
0.006370, 103851
0.006387, 103851
0.006405, 103851
0.006387, 103851
0.006461, 103851
0.006370, 104950
0.006447, 104950
0.006565, 104950
0.006432, 103851
0.006529, 103851
0.006372, 103851
0.006388, 103851
0.006535, 103851
0.006372, 103851
0.006403, 103851
0.006372, 102753
0.006343, 102753
0.006419, 103851
0.006372, 103851
0.006421, 103851
0.006458, 103851
0.006388, 103851
0.006458, 103851
0.006371, 103851
0.006442, 104950
0.006528, 104950
0.006486, 103851
0.006386, 103851
0.006370, 103851
0.006431, 103851
0.006462, 103851
0.006422, 103851
0.006399, 103851
0.006448, 103851
0.006386, 103851
0.006477, 103851
0.006511, 103851
0.006385, 103851
0.006462, 103851
0.006371, 104950
0.006431, 104950
0.006494, 104950
0.006430, 104950
0.006553, 103851
0.006370, 103851
0.006386, 103851
0.006476, 102753
0.006316, 102753
0.006571, 102753
0.006326, 102753
0.006359, 102753
0.006419, 102753
0.006329, 103851
0.006428, 103851
0.006371, 103851
0.006388, 103851
0.006463, 103851
0.006372, 103851
0.006401, 103851
0.006364, 103851
0.006413, 102753
0.006358, 102753
0.006297, 103851
0.006416, 103851
0.006400, 103851
0.006474, 103851
0.006362, 103851
0.006364, 103851
0.006364, 103851
0.006403, 104950
0.006473, 104950
0.006406, 104950
0.006452, 104950
0.006406, 104950
0.006444, 104950
0.006460, 104950
0.006404, 104950
0.006445, 104950
0.006406, 104950
0.006406, 104950
0.006455, 103851
0.006360, 103851
0.006402, 103851
0.006361, 103851
0.006362, 103851
0.006454, 103851
0.006361, 103851
0.006362, 103851
0.006362, 103851
0.006360, 103851
0.006503, 103851
0.006364, 104950
0.006437, 104950
0.006446, 104950
0.006406, 104950
0.007069, 104950
0.006409, 104950
0.006440, 104950
0.006448, 104950
0.006406, 104950
0.006405, 103851
0.006362, 103851
0.006372, 103851
0.006403, 103851
0.006363, 103851
0.006363, 103851
0.006363, 103851
0.006375, 103851
0.006402, 103851
0.006403, 103851
0.006362, 103851
0.006403, 103851
0.006396, 103851
0.006341, 103851
0.006416, 102753
0.006319, 102753
0.006337, 101656
0.006274, 101656
0.006274, 101656
0.006346, 101656
0.006274, 101656
0.006262, 101656
0.006275, 101656
0.006279, 101656
0.006367, 101656
0.006278, 101656
0.006253, 101656
0.006317, 102753
0.006318, 102753
0.006411, 103851
0.006364, 102753
0.006318, 102753
0.006359, 102753
0.006319, 102753
0.006371, 102753
0.006319, 102753
0.006320, 102753
0.006360, 103851
0.006363, 103851
0.006414, 103851
0.006404, 103851
0.006361, 102753
0.006317, 102753
0.006297, 102753
0.006561, 102753
0.006361, 102753
0.006347, 102753
0.006295, 102753
0.006346, 102753
0.006667, 102753
0.006382, 103851
0.006398, 103851
0.006362, 103851
0.006403, 103851
0.006363, 103851
0.006341, 103851
0.006400, 103851
0.006363, 102753
0.006359, 102753
0.006321, 102753
0.006322, 102753
0.006387, 102753
0.006320, 102753
0.006317, 102753
0.006321, 102753
0.006319, 102753
0.006391, 102753
0.006321, 101656
0.006361, 102753
0.006316, 102753
0.006318, 102753
0.006424, 102753
0.006319, 101656
0.006303, 102753
0.006358, 102753
0.006318, 102753
0.006328, 103851
0.006361, 102753
0.006349, 102753
0.006357, 102753
0.006319, 102753
0.006317, 102753
0.006355, 102753
0.006498, 102753
0.006321, 102753
0.006322, 102753
0.006321, 102753
0.006361, 102753
0.006383, 102753
0.006320, 102753
0.006336, 102753
0.006320, 103851
0.006401, 103851
0.006418, 103851
0.006364, 104950
0.006447, 104950
0.006407, 104950
0.006408, 104950
0.006553, 104950
0.006407, 104950
0.006497, 104950
0.006409, 104950
0.006477, 104950
0.006409, 104950
0.006407, 104950
0.006479, 104950
0.006407, 104950
0.006405, 104950
0.006446, 104950
0.006408, 104950
0.006416, 104950
0.006410, 104950
0.006385, 104950
0.006444, 104950
0.006409, 104950
0.006417, 104950
0.006449, 104950
0.006461, 104950
0.006449, 104950
0.006383, 104950
0.006390, 104950
0.006449, 104950
0.006490, 104950
0.006486, 104950
0.006435, 104950
0.006451, 104950
0.006558, 104950
0.006503, 104950
0.006451, 104950
0.006471, 104950
0.006451, 104950
0.006538, 104950
0.006414, 104950
0.006430, 104950
0.006427, 104950
0.006431, 104950
0.006522, 104950
0.006414, 104950
0.006444, 104950
0.006520, 104950
0.006414, 104950
0.006571, 102753
0.006327, 102753
0.006343, 102753
0.006453, 102753
0.006325, 102753
0.006414, 102753
0.006325, 102753
0.006343, 103851
0.006476, 103851
0.006370, 103851
0.006427, 103851
0.006463, 103851
0.006370, 103851
0.006388, 103851
0.006370, 103851
0.006424, 103851
0.006461, 103851
0.006371, 103851
0.006403, 103851
0.006368, 103851
0.006424, 103851
0.006478, 103851
0.006422, 103851
0.006387, 103851
0.006464, 103851
0.006433, 103851
0.006388, 103851
0.006385, 103851
0.006386, 103851
0.006464, 104950
0.006782, 104950
0.006560, 104950
0.006456, 104950
0.007120, 104950
0.006638, 104950
0.006414, 104950
0.006433, 104950
0.006415, 104950
0.006433, 104950
0.006582, 103851
0.006373, 103851
0.006397, 103851
0.006373, 103851
0.006386, 103851
0.006551, 103851
0.006371, 103851
0.006402, 103851
0.006461, 102753
0.006326, 102753
0.006395, 102753
0.006327, 101656
0.006312, 101656
0.006373, 101656
0.006283, 101656
0.006422, 101656
0.006306, 101656
0.006302, 102753
0.006407, 102753
0.006327, 102753
0.006342, 103851
0.006461, 103851
0.006391, 102753
0.006344, 102753
0.006327, 102753
0.006440, 102753
0.006425, 101656
0.006328, 101656
0.006314, 101656
0.006528, 102753
0.006327, 102753
0.006438, 102753
0.006331, 102753
0.006345, 102753
0.006474, 102753
0.006328, 103851
0.006387, 103851
0.006373, 103851
0.006387, 102753
0.006506, 102753
0.006329, 102753
0.006358, 102753
0.006417, 102753
0.006327, 101656
0.006429, 101656
0.006286, 101656
0.006301, 101656
0.006375, 102753
0.006328, 102753
0.006400, 102753
0.006327, 102753
0.006342, 103851
0.006479, 102753
0.006327, 102753
0.006381, 102753
0.006419, 102753
0.006345, 103851
0.006387, 103851
0.006416, 103851
0.006500, 103851
0.006462, 103851
0.006416, 103851
0.006402, 103851
0.006366, 103851
0.006361, 103851
0.006400, 104950
0.006456, 104950
0.006405, 104950
0.006498, 104950
0.006424, 104950
0.006403, 104950
0.006456, 104950
0.006404, 104950
0.006496, 104950
0.006403, 104950
0.006406, 104950
0.006543, 104950
0.006410, 104950
0.006572, 104950
0.006407, 104950
0.006407, 104950
0.006562, 104950
0.006436, 104950
0.006630, 104950
0.006434, 104950
0.006509, 104950
0.006563, 104950
0.006436, 104950
0.006540, 104950
0.006433, 104950
0.006486, 104950
0.006559, 104950
0.006489, 104950
0.006487, 104950
0.006417, 104950
0.006448, 104950
0.006478, 104950
0.006478, 104950
0.006448, 104950
0.006415, 104950
0.006430, 104950
0.006525, 104950
0.006487, 104950
0.006400, 104950
0.006452, 104950
0.006394, 104950
0.006407, 103851
0.006387, 103851
0.006354, 103851
0.006410, 103851
0.006362, 103851
0.006364, 103851
0.006476, 103851
0.006365, 102753
0.006415, 102753
0.006321, 103851
0.006363, 103851
0.006479, 103851
0.006364, 103851
0.006393, 103851
0.006363, 103851
0.006365, 103851
0.006447, 104950
0.006405, 104950
0.006441, 104950
0.006450, 104950
0.006407, 103851
0.006363, 103851
0.006364, 103851
0.006394, 103851
0.006402, 103851
0.006364, 103851
0.006362, 103851
0.006402, 103851
0.006372, 103851
0.006364, 103851
0.006363, 103851
0.006363, 103851
0.006404, 103851
0.006440, 102753
0.006321, 102753
0.006357, 103851
0.006364, 103851
0.006382, 103851
0.006396, 103851
0.006362, 103851
0.006403, 103851
0.006363, 103851
0.006363, 104950
0.006495, 104950
0.006406, 103851
0.006403, 103851
0.006365, 103851
0.006364, 103851
0.006435, 103851
0.006366, 102753
0.006368, 102753
0.006320, 102753
0.006296, 102753
0.006391, 102753
0.006317, 102753
0.006362, 103851
0.006402, 103851
0.006363, 103851
0.006384, 103851
0.006363, 103851
0.006416, 103851
0.006405, 103851
0.006362, 103851
0.006363, 103851
0.006363, 103851
0.006415, 103851
0.006404, 103851
0.006363, 103851
0.006363, 103851
0.006380, 103851
0.006468, 103851
0.006363, 103851
0.006372, 104950
0.006407, 104950
0.006446, 104950
0.006795, 104950
0.006407, 104950
0.006486, 104950
0.006408, 104950
0.006435, 104950
0.006407, 104950
0.006408, 104950
0.006480, 104950
0.006407, 104950
0.006428, 104950
0.006408, 104950
0.006407, 104950
0.006490, 104950
0.006410, 104950
0.006436, 104950
0.006408, 104950
0.006405, 103851
0.006433, 103851
0.006362, 103851
0.006535, 103851
0.006420, 103851
0.006366, 102753
0.006316, 102753
0.006321, 102753
0.006376, 102753
0.006359, 103851
0.006364, 103851
0.006362, 103851
0.006364, 103851
0.006396, 103851
0.006404, 103851
0.006363, 103851
0.006361, 103851
0.006420, 103851
0.006574, 104950
0.006407, 104950
0.006457, 104950
0.006409, 104950
0.006445, 104950
0.006482, 104950
0.006406, 104950
0.006438, 104950
0.006407, 104950
0.006445, 104950
0.006410, 104950
0.006409, 104950
0.006479, 104950
0.006408, 104950
0.006413, 104950
0.006403, 104950
0.006409, 104950
0.006567, 103851
0.006365, 103851
0.006459, 103851
0.006390, 103851
0.006409, 102753
0.006502, 101656
0.006302, 101656
0.006472, 101656
0.006303, 101656
0.006303, 102753
0.006436, 102753
0.006326, 102753
0.006407, 102753
0.006417, 102753
0.006326, 103851
0.006387, 104950
0.006412, 104950
0.006496, 104950
0.006520, 104950
0.006467, 104950
0.006446, 104950
0.006383, 104950
0.006409, 104950
0.006445, 104950
0.006454, 104950
0.006404, 103851
0.006403, 103851
0.006359, 103851
0.006401, 103851
0.006391, 103851
0.006364, 102753
0.006408, 102753
0.006320, 103851
0.006363, 103851
0.006397, 103851
0.006365, 103851
0.006455, 103851
0.006365, 103851
0.006362, 103851
0.006467, 104950
0.006408, 104950
0.006458, 104950
0.006409, 104950
0.006407, 103851
0.006477, 103851
0.006365, 103851
0.006439, 103851
0.006404, 103851
0.006366, 103851
0.006364, 103851
0.006364, 103851
0.006417, 103851
0.006402, 103851
0.006363, 103851
0.006361, 103851
0.006363, 103851
0.006416, 103851
0.006402, 103851
0.006365, 103851
0.006362, 103851
0.006404, 103851
0.006420, 103851
0.006363, 103851
0.006398, 103851
0.006364, 103851
0.006402, 103851
0.006425, 104950
0.006405, 104950
0.006443, 104950
0.006407, 104950
0.006444, 104950
0.006449, 104950
0.006463, 104950
0.006532, 104950
0.006449, 104950
0.006464, 104950
0.006445, 104950
0.006462, 104950
0.006565, 104950
0.006406, 104950
0.006439, 104950
0.006407, 104950
0.006404, 104950
0.006495, 104950
0.006407, 104950
0.006434, 104950
0.006446, 104950
0.006409, 104950
0.006417, 104950
0.006408, 104950
0.006456, 104950
0.006446, 104950
0.006408, 104950
0.006405, 104950
0.006410, 104950
0.006462, 104950
0.006447, 104950
0.006501, 104950
0.006408, 104950
0.006422, 103851
0.006567, 103851
0.006404, 103851
0.006406, 103851
0.006365, 103851
0.006401, 103851
0.006523, 102753
0.006317, 102753
0.006352, 101656
0.006275, 102753
0.006398, 102753
0.006318, 102753
0.006318, 102753
0.006401, 102753
0.006320, 102753
0.006296, 103851
0.006366, 103851
0.006362, 103851
0.006439, 103851
0.006367, 104950
0.006438, 104950
0.006454, 104950
0.006444, 104950
0.006632, 104950
0.006448, 104950
0.006536, 104950
0.006480, 104950
0.006446, 104950
0.006486, 104950
0.006446, 104950
0.006516, 104950
0.006499, 104950
0.006447, 103851
0.006441, 103851
0.006392, 103851
0.006422, 102753
0.006430, 102753
0.006411, 102753
0.006322, 102753
0.006356, 102753
0.006467, 102753
0.006341, 101656
0.006254, 101656
0.006267, 101656
0.006307, 101656
0.006267, 102753
0.006310, 102753
0.006342, 102753
0.006309, 102753
0.006350, 102753
0.006313, 102753
0.006287, 102753
0.006362, 102753
0.006310, 102753
0.006309, 102753
0.006353, 102753
0.006310, 102753
0.006491, 102753
0.006315, 102753
0.006361, 102753
0.006460, 102753
0.006337, 102753
0.006535, 102753
0.006296, 102753
0.006392, 102753
0.006460, 102753
0.006337, 102753
0.006349, 102753
0.006317, 102753
0.006409, 102753
0.006424, 101656
0.006275, 101656
0.006344, 101656
0.006361, 101656
0.006327, 101656
0.006323, 101656
0.006275, 101656
0.006290, 101656
0.006380, 101656
0.006388, 102753
0.006291, 102753
0.006309, 102753
0.006310, 102753
0.006347, 102753
0.006357, 102753
0.006310, 102753
0.006379, 102753
0.006319, 102753
0.006349, 102753
0.006356, 102753
0.006318, 102753
0.006466, 102753
0.006318, 102753
0.006332, 100560
0.006409, 100560
0.006233, 100560
0.006260, 100560
0.006229, 99465
0.006185, 98371
0.006321, 98371
0.006142, 97278
0.006130, 97278
0.006188, 97278
0.006099, 97278
0.006166, 97278
0.006099, 98371
0.006156, 100560
0.006342, 100560
0.006237, 100560
0.006309, 100560
0.006330, 101656
0.006295, 102753
0.006357, 101656
0.006280, 102753
0.006377, 103851
0.006480, 103851
0.006385, 103851
0.006386, 103851
0.006476, 103851
0.006346, 103851
0.006378, 103851
0.006375, 103851
0.006357, 103851
0.006401, 104950
0.006403, 104950
0.006401, 103851
0.006374, 103851
0.006363, 103851
0.006403, 103851
0.006364, 103851
0.006361, 103851
0.006416, 102753
0.006319, 102753
0.006317, 102753
0.006318, 103851
0.006361, 103851
0.006435, 103851
0.006363, 103851
0.006360, 103851
0.006403, 103851
0.006361, 104950
0.006420, 104950
0.006405, 104950
0.006418, 104950
0.006449, 104950
0.006408, 104950
0.006419, 104950
0.006405, 104950
0.006463, 104950
0.006443, 103851
0.006337, 102753
0.006304, 102753
0.006361, 102753
0.006380, 102753
0.006317, 102753
0.006317, 102753
0.006317, 102753
0.006360, 102753
0.006452, 102753
0.006317, 102753
0.006314, 102753
0.006317, 102753
0.006337, 102753
0.006673, 102753
0.006318, 103851
0.006464, 104950
0.006404, 104950
0.006405, 104950
0.006445, 104950
0.006403, 104950
0.006461, 104950
0.006405, 104950
0.006405, 104950
0.006525, 104950
0.006407, 104950
0.006465, 104950
0.006408, 104950
0.006403, 104950
0.006450, 104950
0.006407, 104950
0.006417, 104950
0.006409, 104950
0.006476, 104950
0.006486, 103851
0.006363, 103851
0.006471, 103851
0.006364, 103851
0.006398, 103851
0.006400, 103851
0.006362, 103851
0.006360, 103851
0.006404, 103851
0.006416, 103851
0.006361, 103851
0.006364, 103851
0.006361, 103851
0.006423, 103851
0.006505, 103851
0.006364, 103851
0.006378, 103851
0.006361, 103851
0.006402, 103851
0.006418, 103851
0.006360, 103851
0.006445, 103851
0.006360, 103851
0.006338, 104950
0.006469, 104950
0.006404, 104950
0.006483, 104950
0.006409, 104950
0.006394, 104950
0.006463, 104950
0.006409, 104950
0.006566, 104950
0.006406, 104950
0.006514, 104950
0.006538, 104950
0.006435, 104950
0.006507, 104950
0.006436, 104950
0.006484, 104950
0.006552, 104950
0.006435, 104950
0.006445, 104950
0.006412, 104950
0.006465, 104950
0.006520, 104950
0.006416, 104950
0.006429, 104950
0.006410, 104950
0.006484, 104950
0.006444, 104950
0.006500, 104950
0.006406, 104950
0.006443, 104950
0.006404, 104950
0.006445, 104950
0.006418, 104950
0.006408, 103851
0.006403, 103851
0.006363, 103851
0.006363, 103851
0.006418, 103851
0.006364, 103851
0.006402, 103851
0.006361, 103851
0.006363, 103851
0.006431, 104950
0.006407, 104950
0.006450, 104950
0.006406, 104950
0.006404, 104950
0.006497, 104950
0.006407, 104950
0.006464, 104950
0.006445, 104950
0.006404, 104950
0.006482, 103851
0.006363, 103851
0.006392, 103851
0.006404, 103851
0.006362, 103851
0.006448, 103851
0.006364, 103851
0.006425, 103851
0.006402, 102753
0.006318, 103851
0.006362, 103851
0.006402, 102753
0.006363, 102753
0.006318, 102753
0.006317, 102753
0.006304, 102753
0.006357, 102753
0.006367, 102753
0.006317, 102753
0.006346, 102753
0.006319, 102753
0.006357, 103851
0.006413, 104950
0.006408, 104950
0.006456, 104950
0.006404, 104950
0.006405, 104950
0.006461, 104950
0.006404, 104950
0.006469, 104950
0.006405, 104950
0.006406, 104950
0.006462, 104950
0.006405, 104950
0.006519, 104950
0.006406, 104950
0.006382, 104950
0.006446, 104950
0.006406, 104950
0.006417, 104950
0.006405, 104950
0.006456, 104950
0.006446, 104950
0.006405, 104950
0.006441, 104950
0.006422, 104950
0.006454, 104950
0.006446, 104950
0.006405, 104950
0.006405, 104950
0.006422, 104950
0.006458, 104950
0.006407, 103851
0.006339, 102753
0.006318, 102753
0.006356, 102753
0.006426, 102753
0.006318, 102753
0.006337, 102753
0.006304, 102753
0.006338, 102753
0.006725, 103851
0.006361, 104950
0.006477, 103851
0.006362, 103851
0.006377, 102753
0.006320, 102753
0.006320, 101656
0.006344, 101656
0.006276, 101656
0.006263, 101656
0.006316, 101656
0.006276, 103851
0.006399, 103851
0.006366, 103851
0.006363, 103851
0.006402, 103851
0.006363, 103851
0.006413, 103851
0.006384, 103851
0.006361, 103851
0.006403, 103851
0.006364, 103851
0.006391, 102753
0.006360, 102753
0.006333, 102753
0.006318, 102753
0.006319, 102753
0.006409, 102753
0.006360, 102753
0.006408, 102753
0.006320, 102753
0.006335, 103851
0.006372, 103851
0.006365, 104950
0.006502, 104950
0.006409, 104950
0.006446, 104950
0.006409, 104950
0.006407, 104950
0.006460, 104950
0.006409, 104950
0.006446, 104950
0.006407, 104950
0.006406, 104950
0.006499, 104950
0.006406, 104950
0.006447, 104950
0.006405, 104950
0.006405, 103851
0.006516, 103851
0.006364, 103851
0.006368, 103851
0.006363, 103851
0.006362, 103851
0.006570, 103851
0.006390, 103851
0.006397, 103851
0.006464, 103851
0.006390, 103851
0.006527, 103851
0.006387, 103851
0.006459, 103851
0.006526, 102753
0.006396, 102753
0.006345, 102753
0.006316, 103851
0.006358, 103851
0.006399, 103851
0.006411, 103851
0.006359, 103851
0.006359, 103851
0.006357, 103851
0.006400, 103851
0.006440, 103851
0.006361, 103851
0.006403, 103851
0.006393, 103851
0.006409, 103851
0.006435, 103851
0.006406, 103851
0.006553, 103851
0.006389, 103851
0.006406, 103851
0.006390, 103851
0.006388, 103851
0.006580, 103851
0.006388, 103851
0.006406, 103851
0.006388, 104950
0.006432, 104950
0.006603, 104950
0.006431, 104950
0.006494, 104950
0.006443, 104950
0.006413, 104950
0.006550, 104950
0.006413, 104950
0.006480, 104950
0.006535, 104950
0.006504, 104950
0.006535, 104950
0.006412, 104950
0.006480, 104950
0.006520, 104950
0.006446, 104950
0.006428, 104950
0.006412, 104950
0.006413, 104950
0.006519, 104950
0.006447, 104950
0.006428, 104950
0.006432, 104950
0.006412, 104950
0.006520, 104950
0.006442, 104950
0.006429, 104950
0.006567, 104950
0.006413, 104950
0.006444, 104950
0.006413, 104950
0.006412, 104950
0.006554, 104950
0.006413, 104950
0.006428, 104950
0.006414, 104950
0.006411, 104950
0.006594, 104950
0.006412, 104950
0.006429, 104950
0.006518, 104950
0.006413, 104950
0.006587, 104950
0.006413, 104950
0.006422, 104950
0.006518, 104950
0.006412, 104950
0.006429, 104950
0.006411, 104950
0.006444, 104950
0.006519, 104950
0.006413, 104950
0.006429, 104950
0.006461, 104950
0.006422, 104950
0.006535, 104950
0.006464, 104950
0.006428, 104950
0.006518, 104950
0.006425, 104950
0.006429, 104950
0.006482, 104950
0.006412, 104950
0.006518, 104950
0.006412, 104950
0.006429, 104950
0.006681, 104950
0.006414, 104950
0.006629, 104950
0.006412, 104950
0.006430, 104950
0.006624, 104950
0.006413, 104950
0.006597, 104950
0.006413, 104950
0.006428, 104950
0.006519, 104950
0.006415, 104950
0.006454, 103851
0.006369, 103851
0.006368, 103851
0.006479, 103851
0.006370, 103851
0.006423, 103851
0.006365, 103851
0.006442, 103851
0.006400, 102753
0.006315, 102753
0.006347, 102753
0.006355, 102753
0.006365, 102753
0.006314, 102753
0.006320, 102753
0.006316, 102753
0.006359, 102753
0.006577, 103851
0.006366, 103851
0.006419, 103851
0.006364, 103851
0.006382, 103851
0.006494, 103851
0.006364, 103851
